<rig>
  <camera>
    <camera_model type="ocvpinhole_fu_fv_u0_v0_k1_k2_p1_p2_k3" index="9">
      <height>172</height>
      <width>224</width>
      <params> [217.724;  217.724;  109.77;  86.3112;  -0.117524;  -1.54926;  -0.000397044;  -0.00184311;  3.2381] </params>
    </camera_model>
  </camera>
  <camera>
    <camera_model type="calibu_fu_fv_u0_v0_k1_k2_k3" index="1">
      <height>1080</height>
      <width>1920</width>
      <params> [1731.502839924491;  1733.437885477804;  962.0605176532951;  551.0123977441152;  0.1142511761808327;  -0.4589266842519346;  0.6237731829313382] </params>
    </camera_model>
  </camera>
  <camera>
    <camera_model type="calibu_fu_fv_u0_v0_w" index="0">
      <height>480</height>
      <width>640</width>
      <params> [258.7672170324079;  258.9640042463228;  319.3588290122854;  233.6819603461484;  0.9171329614439386] </params>
    </camera_model>
  </camera>
  <intrinsic_imu_calibration name="" imu_id="100" type="linear_imu_sg_mg_sa_ma_gqa">
    <b_w_b_a> [-0.01048603759254065;  -0.005007746346170874;  -0.004717087809068733;  0.04010803988529003;  0.06784225993538266;  -0.1324733983376564] </b_w_b_a>
    <crossterms> [1.007925822807985, -0.0006891767489432674, 0.001908049618711081, 0.9999481990418203, 0.005390268887781883, 0.00863390029697106;  0, 0.996504280919672, 0.009825614514467835, -0.005336894089608829, 0.9999665806148332, -0.006193158721932881;  0, 0, 1.00337544255434, -0.008666994548107472, 0.006146759698911749, 0.999943548681978;  0, 0, 0, 1.003530116450053, 0.007641316225053792, 0.01266526658365397;  0, 0, 0, 0, 1.005025131793241, 0.002723013896644027;  0, 0, 0, 0, 0, 1.013522091388618] </crossterms>
    <gyro_noise_sigma>5.3088443999999998e-05</gyro_noise_sigma>
    <gyro_bias_sigma>0.00014125375</gyro_bias_sigma>
    <accel_noise_sigma>0.001883649</accel_noise_sigma>
    <accel_bias_sigma>0.012589253999999999</accel_bias_sigma>
  </intrinsic_imu_calibration>
  <extrinsic_calibration frame_A_id="100" frame_B_id="3">
    <A_T_B> [0.9999911210495653, -0.004145471824937223, -0.0007568919225410182, 0.03643046493332097;  -0.004140559933768235, -0.9999710770727428, 0.006379716405430566, -0.006360612687041889;  -0.0007833169656208031, -0.006376525803876149, -0.9999793629536582, -0.001559978236473268] </A_T_B>
  </extrinsic_calibration>
  <extrinsic_calibration frame_A_id="100" frame_B_id="2">
    <A_T_B> [0.9999911210495653, -0.004145471824937223, -0.0007568919225410182, 0.03643046493332097;  -0.004140559933768235, -0.9999710770727428, 0.006379716405430566, -0.006360612687041889;  -0.0007833169656208031, -0.006376525803876149, -0.9999793629536582, -0.001559978236473268] </A_T_B>
  </extrinsic_calibration>
  <extrinsic_calibration frame_A_id="100" frame_B_id="0">
    <A_T_B> [0.9999982482862916, -0.001780126314633495, -0.0005784242842065678, -0.002894976017073861;  -0.001774828373071812, -0.9999576157015982, 0.009034200829119486, -0.006425304877347651;  -0.0005944817867267024, -0.009033158399954765, -0.9999590234808258, -0.004633001037745966] </A_T_B>
  </extrinsic_calibration>
  <extrinsic_calibration frame_A_id="100" frame_B_id="1">
    <A_T_B> [-0.9999850655906108, -0.001326638182988544, -0.005301756960965853, 0.04691477692325716;  -0.001315866384443388, 0.9999970642143727, -0.0020347133198591, -0.006444972156741749;  0.005304440724525529, -0.002027706528853968, -0.9999838755274173, -0.005394339427641717] </A_T_B>
  </extrinsic_calibration>
  <extrinsic_calibration frame_A_id="100" frame_B_id="9">
    <A_T_B> [0.9999911210495653, -0.004145471824937223, -0.0007568919225410182, 0.03643046493332097;  -0.004140559933768235, -0.9999710770727428, 0.006379716405430566, -0.006360612687041889;  -0.0007833169656208031, -0.006376525803876149, -0.9999793629536582, -0.001559978236473268] </A_T_B>
  </extrinsic_calibration>
</rig>
